740.0
747.4
754.874
762.42274
770.0469674
777.747437074
783.0
775.17
767.4182999999999
759.744117
752.1466758299999
744.6252090716999
737.1789569809829
729.807167411173
722.5090957370613
715.2840047796907
708.1311647318938
701.0498530845749
694.0393545537291
687.0989610081918
680.22797139811
673.4256916841289
666.6914347672875
665.0
671.65
678.3665
685.150165
692.0016666500001
698.9216833165001
705.910900149665
712.9700091511617
720.0997092426733
727.3007063351
734.573713398451
741.9194505324355
749.3386450377598
756.8320314881373
764.4003518030187
772.0443553210489
779.7647988742594
787.562446863002
795.438071331632
803.3924520449484
811.4263765653978
819.5406403310518
827.7360467343623
836.013407201706
844.373541273723
852.8172766864603
861.3454494533249
869.9589039478582
878.6584929873368
887.4450779172101
896.3195286963822
905.282723983346
914.3355512231796
923.4789067354113
932.7136958027654
942.040832760793
945.0
935.55
926.1945
916.932555
907.7632294499999
898.6855971555
889.698741183945
880.8017537721056
871.9937362343845
863.2737988720406
854.6410608833203
846.0946502744871
837.6337037717423
829.2573667340248
820.9647930666846
812.7551451360177
804.6275936846575
796.581317747811
788.6155045703329
780.7293495246296
772.9220560293833
765.1928354690895
757.5409071143986
749.9654980432546
742.465843062822
735.0411846321938
727.6907727858719
720.4138650580131
713.209726407433
706.0776291433586
699.016852851925
692.0266843234058
685.1064174801718
678.25535330537
671.4727997723163
664.7580717745932
658.1104910568473
651.5293861462789
645.0140922848161
638.563951361968
632.1783118483482
625.8565287298647
619.5979634425661
613.4019838081405
607.2679639700591
601.1952843303585
595.1833314870549
589.2314981721844
583.3391831904626
577.505791358558
571.7307334449724
566.0134261105227
560.3532918494175
554.7497589309233
549.2022613416141
549.0
554.49
560.0349
565.635249
571.2916014900001
577.0045175049
582.774562679949
588.6023083067485
594.4883313898159
600.433214703714
606.4375468507512
612.5019223192587
618.6269415424513
624.8132109578758
631.0613430674545
637.371956498129
643.7456760631103
650.1831328237414
656.6849641519788
663.2518137934985
669.8843319314335
676.5831752507479
683.3490070032553
690.1824970732879
697.0843220440207
704.0551652644609
711.0957169171055
718.2066740862765
725.3887408271393
732.6426282354106
739.9690545177647
747.3687450629424
754.8424325135718
762.3908568387075
770.0147654070945
777.7149130611655
785.4920621917771
793.3469828136949
801.2804526418319
809.2932571682502
817.3861897399327
825.560051637332
833.8156521537053
842.1538086752423
850.5753467619948
859.0811002296147
867.6719112319108
876.34863034423
885.1121166476722
893.9632378141489
902.9028701922904
911.9318988942133
921.0512178831555
930.261730061987
939.5643473626069
948.9599908362329
958.4495907445953
968.0340866520412
977.7144275185616
987.4915717937472
997.3664875116847
1007.3401523868015
1017.4135539106695
1027.5876894497762
1037.863566344274
1048.2422020077167
1058.7246240277939
1069.3118702680717
1080.0049889707525
1090.80503886046
1101.7130892490645
1112.7302201415553
1123.857522342971
1135.0960975664007
1146.4470585420647
1157.9115291274854
1169.4906444187602
1181.1855508629478
1192.9974063715772
1204.927380435293
1216.9766542396458
1229.1464207820422
1241.4378849898626
1253.8522638397612
1266.3907864781588
1279.0546943429404
1284.0
1271.16
1258.4484
1245.863916
1233.40527684
1221.0712240716
1208.860511830884
1196.7719067125752
1184.8041876454495
1172.956145768995
1161.226584311305
1149.6143184681919
1138.11817528351
1126.736993530675
1115.4696235953681
1104.3149273594145
1093.2717780858204
1082.3390603049622
1071.5156697019127
1060.8005130048934
1050.1925078748445
1039.6905827960961
1029.293676968135
1019.0007401984537
1008.8107327964692
998.7226254685045
988.7353992138194
978.8480452216812
969.0595647694644
959.3689691217697
949.775279430552
940.2775266362465
930.874751369884
921.5660038561853
912.3503438176234
903.2268403794471
894.1945719756527
885.2526262558962
876.4000999933372
867.6360989934038
858.9597380034699
850.3701406234352
841.8664392172009
833.4477748250289
825.1132970767786
816.8621641060108
808.6935424649507
800.6066070403012
792.6005409698982
784.6745355601993
776.8277902045972
769.0595123025513
761.3689171795257
753.7552280077305
746.2176757276532
738.7554989703766
731.3679439806729
724.0542645408661
716.8137218954574
709.6455846765028
708.0
700.92
693.9108
686.971692
680.10197508
673.3009553292
666.5679457759079
659.9022663181488
653.3032436549673
646.7702112184177
640.3025091062335
633.8994840151712
631.0
624.69
618.4431000000001
612.258669
606.13608231
600.0747214869
594.073974272031
588.1332345293107
582.2519021840176
576.4293831621774
570.6650893305556
564.95843843725
559.3088540528776
553.7157655123488
548.1786078572253
542.6968217786531
537.2698535608665
531.8971550252578
526.5781834750052
521.3124016402551
516.0992776238526
510.93828484761406
505.82890199913794
500.77061297914656
495.7629068493551
490.80527778086156
485.89722500305294
481.0382527530224
476.22787022549215
471.4655915232372
466.75093560800485
462.0834262519248
457.46259198940555
452.8879660695115
448.3590864088164
443.8754955447282
439.43674058928093
435.0423731833881
430.69194945155425
426.3850299570387
422.1211796574683
417.89996786089364
413.7209681822847
409.58375850046184
405.4879209154572
401.4330417063026
397.4187112892396
393.44452417634716
389.5100789345837
385.61497814523784
381.7588283637855
377.9412400801476
374.1618276793462
370.4202094025527
366.7160073085272
363.04884723544194
359.4183587630875
355.8241751754566
352.26593342370205
348.74327408946505
345.2558413485704
341.8032829350847
338.38525010573386
335.0013976046765
331.6513836286298
328.3348697923435
325.0515210944201
321.8010058834759
318.58299582464116
315.39716586639474
312.2431942077308
309.1207622656535
306.02955464299697
302.969259096567
299.9395665056013
296.9401708405453
293.9707691321399
291.03106144081846
288.1207508264103
285.2395433181462
282.38714788496475
279.5632764061151
276.76764364205394
273.9999672056334
271.2599675335771
268.54736785824133
265.8618941796589
263.20327523786233
260.5712424854837
257.96553006062885
255.38587476002257
252.83201601242234
250.30369585229812
247.80065889377514
245.3226523048374
242.869425781789
240.44073152397112
238.0363242087314
235.65596096664407
233.29940135697763
230.96640734340784
228.65674326997376
226.37017583727402
224.10647407890127
221.86540933811227
219.64675524473114
217.45028769228384
215.275784815361
213.12302696720738
210.9917966975353
208.88187873055995
206.79305994325435
204.7251293438218
202.67787805038358
200.65109926987975
198.64458827718096
196.65814239440914
194.69156097046505
192.7446453607604
190.81719890715277
188.90902691808125
187.01993664890043
185.14973728241142
183.2982399095873
181.46525751049143
179.65060493538653
177.85409888603266
176.07555789717233
174.3148023182006
172.5716542950186
170.8459377520684
169.13747837454773
167.44610359080224
165.7716425548942
164.11392612934526
162.4727868680518
160.8480589993713
159.23957840937757
157.6471826252838
156.07071079903096
154.51000369104065
152.96490365413024
151.43525461758892
149.92090207141302
148.4216930506989
146.93747612019192
145.46810135899
144.0134203454001
142.5732861419461
141.14755328052667
139.7360777477214
138.33871697024418
136.95532980054173
135.5857765025363
134.22991873751093
132.8876195501358
131.55874335463446
130.24315592108812
128.94072436187724
127.65131711825848
126.37480394707589
125.11105590760513
123.85994534852908
122.62134589504379
121.39513243609335
120.18118111173241
118.97936930061509
117.78957560760894
116.61167985153286
115.44556305301752
114.29110742248734
113.14819634826247
112.01671438477985
110.89654724093205
109.78758176852273
108.6897059508375
107.60280889132913
106.52678080241584
105.46151299439168
105.0
106.05
107.1105
108.181605
109.26342105
110.3560552605
111.459615813105
112.57421197123605
113.69995409094841
114.8369536318579
115.98532316817648
117.14517639985824
118.31662816385682
119.49979444549538
120.69479238995034
121.90174031384984
123.12075771698834
124.35196529415822
125.5954849470998
126.8514397965708
128.11995419453652
129.4011537364819
130.6951652738467
132.00211692658516
133.32213809585102
134.65535947680954
136.00191307157763
137.36193220229342
138.73555152431635
140.12290703955952
141.52413610995512
142.93937747105468
144.36877124576523
145.8124589582229
147.27058354780513
148.74328938328318
150.230722277116
151.73302949988715
153.25035979488604
154.78286339283488
156.33069202676324
157.89399894703087
159.47293893650118
161.06766832586618
162.67834500912485
164.3051284592161
165.94817974380825
167.60766154124633
169.28373815665879
170.97657553822538
172.68634129360763
174.4132047065437
176.15733675360914
177.91891012114525
179.6980992223567
181.49508021458024
183.31003101672604
185.1431313268933
186.99456264016223
188.86450826656386
190.7531533492295
192.6606848827218
194.58729173154902
196.5331646488645
198.49849629535314
200.48348125830665
202.4883160708897
204.5131992315986
206.5583312239146
208.62391453615373
210.71015368151527
212.81725521833042
214.94542777051373
217.09488204821886
219.26583086870104
221.45848917738806
223.67307406916194
225.90980480985357
228.1689028579521
230.45059188653164
232.75509780539696
235.08264878345094
237.43347527128543
239.8078100239983
242.20588812423827
244.62794700548065
247.07422647553545
249.5449687402908
252.0404184276937
254.56082261197065
257.1064308380904
259.6774951464713
262.27427009793604
264.8970127989154
267.54598292690457
270.22144275617364
272.9236571837354
275.65289375557273
278.4094226931285
281.1935169200598
284.00545208926036
286.84550661015294
289.7139616762545
292.61110129301704
295.5372123059472
298.4925844290067
301.47751027329673
304.4922853760297
307.53720822979
310.6125803120879
313.7187061152088
316.8558931763609
320.0244521081245
323.2246966292057
326.45694359549776
329.72151303145273
333.0187281617673
336.34891544338495
339.7124045978188
343.10952864379703
346.54062393023503
350.0060301695374
353.50609047123277
357.0411513759451
360.61156288970454
364.2176785186016
367.8598553037876
371.53845385682547
375.2538383953937
379.00637677934765
382.7964405471411
386.6244049526125
390.49064900213864
394.39555549216004
398.33951104708166
402.3229061575525
406.34613521912803
410.4095965713193
414.5136925370325
418.6588294624028
422.84541775702684
427.0738719345971
431.34461065394305
435.6580567604825
440.01463732808736
444.4147837013682
448.8589315383819
453.34752085376573
457.8809960623034
462.45980602292644
467.08440408315573
471.7552481239873
476.4728006052272
481.23752861127946
486.04990389739226
490.91040293636615
495.81950696572983
500.7777020353871
505.785479055741
510.84333384629844
515.9517671847614
521.111284856609
526.3223977051751
531.5856216822269
536.9014778990492
542.2704926780397
547.69319760482
553.1701295808682
558.7018308766769
564.2888491854437
569.9317376772982
575.6310550540712
581.3873656046119
587.201239260658
593.0732516532646
599.0039841697973
604.9940240114952
611.0439642516102
617.1544038941263
623.3259479330676
629.5592074123982
635.8547994865222
642.2133474813875
648.6354809562014
655.1218357657634
661.673054123421
668.2897846646553
674.9726825113019
681.7224093364149
688.5396334297791
695.4250297640768
702.3792800617176
709.4030728623349
716.4971035909582
723.6620746268678
730.8986953731365
738.2076823268679
745.5897591501366
753.045656741638
760.5761133090544
768.181874442145
775.8636931865665
783.6223301184322
791.4585534196165
799.3731389538126
807.3668703433507
815.4405390467842
823.594944437252
831.8308938816245
840.1492028204408
848.5506948486452
857.0362017971316
865.606563815103
874.262629453254
883.0052557477866
891.8353083052644
900.7536613883171
909.7611980022003
918.8588099822223
928.0473980820445
937.327872062865
945.0
954.45
963.9945
973.634445
